MIN A in LIST OF MAX A: 13
INDEXES:
65814
69142
69353
69910
73449
74006
77334
77545
78102
81641
82198
85526
85737
86294
89833
90390
93718
93929
94486
98025
98582
101910
102121
102678
106217
106774
110102
110313
110870
114409
114966
118294
118505
119062
122601
123158
126486
126697
127254
130793
917782
922089
925974
941801
949993
950550
958742
974569
982761
1114390
1117718
1122025
1122582
1125910
1130217
1130774
1134102
1138409
1138966
1142294
1146601
1147158
1150486
1154793
1155350
1158678
1162985
1163542
1166870
1171177
1171734
1175062
1179369
1966358
1970454
1970665
1974550
1978646
1986281
1990377
1994473
1998569
1999126
2003222
2007318
2011414
2019049
2023145
2027241
2031337
2162966
2166505
2167062
2170601
2171158
2174486
2174697
2175254
2178793
2179350
2182889
2183446
2186985
2187542
2190870
2191081
2191638
2195177
2195734
2199273
2199830
2203369
2203926
2207254
2207465
2208022
2211561
2212118
2215657
2216214
2219753
2220310
2223638
2223849
2224406
2227945
3014934
3019241
3023126
3027433
3038953
3047145
3047702
3055894
3071721
3079913
3211542
3219177
3219734
3223062
3227369
3227926
3235561
3236118
3239446
3243753
3244310
3251945
3252502
3255830
3260137
3260694
3268329
3268886
3272214
3276521
4063510
4067606
4067817
4071702
4075798
4076009
4083433
4087529
4091625
4095721
4096278
4100374
4104470
4108566
4116201
4120297
4124393
4128489
4260118
4264214
4268310
4272406
4279830
4280041
4284137
4288022
4288233
4292329
4292886
4296982
4301078
4305174
4312598
4312809
4316905
4320790
4321001
4325097
5112086
5116393
5119721
5120278
5127913
5128470
5132777
5136105
5136662
5144297
5144854
5152489
5153046
5160681
5161238
5168873
5169430
5177065
5308694
5316886
5328406
5332713
5336598
5340905
5341462
5349654
5361174
5365481
5369366
5373673
6160662
6164201
6164758
6164969
6168297
6168854
6172393
6172950
6176489
6177046
6180585
6181142
6181353
6184681
6185238
6188777
6189334
6192873
6193430
6196969
6197526
6201065
6201622
6205161
6205718
6209257
6209814
6213353
6213910
6217449
6218006
6221545
6222102
6225641
6357270
6361366
6365462
6369558
6377193
6381289
6385174
6385385
6389481
6390038
6394134
6398230
6402326
6409961
6414057
6417942
6418153
6422249
7209238
7213545
7216873
7217430
7221737
7225065
7225622
7229929
7233257
7233814
7238121
7241449
7242006
7249641
7250198
7257833
7258390
7266025
7266582
7274217
7405846
7414038
7429865
7433750
7438057
7438614
7446806
7462633
7466518
7470825
8257814
8261353
8261910
8262121
8265449
8266006
8269545
8270102
8270313
8273641
8274198
8277737
8278294
8278505
8281833
8282390
8285929
8286486
8286697
8290025
8290582
8294121
8294678
8298217
8298774
8302313
8302870
8306409
8306966
8310505
8311062
8314601
8315158
8318697
8319254
8322793
